camera_matrix:
- [15789.7265625, 0.0, 582.9711726417008]
- [0.0, 2007.6170654296875, 135.64955632759938]
- [0.0, 0.0, 1.0]
dist_coeff:
- [117.89617758744225, -5785.643467954989, -0.7861161030774447, -0.011184190496833155,
  36.64588787332741]
rvecs:
- - [-0.3565924004294933]
  - [1.6117956663273545]
  - [0.36977965382345646]
- - [0.5414043206786954]
  - [-1.6108121293668232]
  - [0.6789131965236935]
- - [0.3542766238763691]
  - [-1.624788105111846]
  - [0.5118723986380644]
- - [1.281819877115575]
  - [-4.170147177056836]
  - [-1.191829212676709]
- - [1.4619453673963672]
  - [-4.019072855560848]
  - [-1.2972602552787647]
- - [1.5511226618192302]
  - [-3.9317919216190442]
  - [-1.3520186665684275]
- - [-0.5881930543308477]
  - [1.632833078268195]
  - [0.5253027842956267]
- - [-0.5055571081072001]
  - [1.6259060430319838]
  - [0.46908988333716306]
- - [2.0399793109920776]
  - [0.2579158458041889]
  - [-1.90168217132486]
- - [-2.080659277895758]
  - [-0.20121863079868563]
  - [-2.0299375390527548]
- - [0.34355857499518605]
  - [-1.603326619308852]
  - [0.5529522058923977]
- - [0.19174940009739963]
  - [-1.606736696331919]
  - [0.4283012199921824]
- - [0.21464884920246247]
  - [1.5394302935884652]
  - [0.047351503034103834]
- - [0.2703750280281531]
  - [1.5295420115790495]
  - [-0.01036746008860585]
- - [0.33119138004265514]
  - [-1.612866515024842]
  - [0.5145644207300466]
- - [-0.0834544569079468]
  - [-1.5897441903656195]
  - [0.24374159262524114]
- - [2.016022052566918]
  - [0.20037117811529298]
  - [-1.9029403925042612]
- - [2.0710236558214783]
  - [0.0030022024129131714]
  - [-1.996065284655085]
- - [-2.169422410604169]
  - [0.34548768625212206]
  - [-2.2323882298489255]
- - [-2.170407769002997]
  - [0.35076555016263555]
  - [-2.234272423371974]
- - [-2.1736226396973173]
  - [0.3626909942856596]
  - [-2.2396692820961346]
- - [2.0976618448500677]
  - [-0.12283070071253699]
  - [-2.0430336380649265]
- - [0.2968583663250298]
  - [1.526213667714359]
  - [-0.024886488930119764]
- - [2.1052917382758025]
  - [-0.1914849893265814]
  - [-2.060636251627646]
- - [2.103207487617794]
  - [-0.4544533294715678]
  - [2.1859877834235943]
- - [0.2272425311665991]
  - [-1.5976169293904225]
  - [0.4834254276871794]
- - [0.3075181449474055]
  - [-1.6181643555986471]
  - [0.4246503633261191]
- - [0.32579799181978836]
  - [-1.6186158249564186]
  - [0.43564087469610574]
- - [2.0254968105212687]
  - [0.3558067327932738]
  - [-1.8694532588502109]
- - [2.0213683924162362]
  - [0.36959370502663436]
  - [-1.8624281998271082]
- - [2.0169619770927736]
  - [0.38314796542666035]
  - [-1.8548595008233162]
- - [0.36853101474958233]
  - [-1.6191259868774455]
  - [0.46633314564685746]
- - [0.3716426692596943]
  - [-1.6191523388665892]
  - [0.46858890021842636]
- - [0.17792940893932416]
  - [1.5486907594536614]
  - [0.043010627555387246]
- - [1.9397996694194495]
  - [0.37925415761928094]
  - [-1.803757237721442]
- - [2.0482022095612606]
  - [0.24569186544530747]
  - [-1.9384397103079685]
- - [-0.20906204085255717]
  - [-1.5750556741372397]
  - [0.12370822524272025]
- - [2.0334403858090346]
  - [0.19894781224202518]
  - [-1.9244775523623037]
- - [0.32036919538635206]
  - [-1.6129507395739282]
  - [0.4778909358619329]
- - [0.1743416188918457]
  - [1.5423500776126615]
  - [0.03796989800162612]
- - [0.15829127868803727]
  - [1.5440061258721123]
  - [0.03441208507588653]
- - [0.14349144898093064]
  - [1.5454608173424835]
  - [0.03054769995911996]
- - [-2.1713134952722704]
  - [0.20081009809592945]
  - [-2.2177627718323576]
- - [0.14386314697828784]
  - [1.544993268957785]
  - [0.025214565417961222]
- - [0.010870017646615122]
  - [-1.603342566788936]
  - [0.2833931623178012]
- - [0.3196998714220306]
  - [-1.6165807590650358]
  - [0.48212351797307795]
- - [0.3836079557483676]
  - [-1.6182012351606663]
  - [0.526733946866741]
- - [0.3900705224703766]
  - [-1.618289305105271]
  - [0.5313364822526493]
- - [0.3080968876362818]
  - [-1.6221171285840792]
  - [0.45683405691282275]
- - [0.30955340688076055]
  - [-1.6219857583490256]
  - [0.45892509816678206]
- - [0.2414774611429425]
  - [-1.6185992264076479]
  - [0.4093102694931584]
- - [0.25817507526356975]
  - [1.5461745534108937]
  - [0.18023456343771416]
- - [0.258001259783732]
  - [1.5458584795381192]
  - [0.18043973472534292]
- - [0.25818385725802645]
  - [1.5457924841209558]
  - [0.18069492969561385]
- - [0.25791746874873883]
  - [1.5458454021153227]
  - [0.1811674073769835]
- - [0.25803046203108937]
  - [1.5459066627223075]
  - [0.18185419383458043]
- - [0.2605011131438956]
  - [1.5458588836230636]
  - [0.179930935646405]
- - [0.27011397801284104]
  - [1.5447870354941213]
  - [0.18271421560983955]
- - [0.47295613263865793]
  - [1.4958524096504546]
  - [-0.14905385856749845]
- - [0.20987510607586285]
  - [-1.6091460557343584]
  - [0.4280175448146624]
- - [-0.027575455890379796]
  - [-1.6006546880012338]
  - [0.2552836414551855]
- - [1.8006521557831874]
  - [0.4667619063248686]
  - [-1.681831123026829]
tvecs:
- - [-3.3420386937829667]
  - [16.679407430540948]
  - [294.4421099445491]
- - [-4.634557039246496]
  - [22.023714666252534]
  - [409.45667716945053]
- - [-4.254274672734877]
  - [14.512463701813765]
  - [318.1648539458456]
- - [-4.582274758826395]
  - [14.063355755935762]
  - [348.98086368144214]
- - [-5.2469213135102155]
  - [16.672614841946235]
  - [404.5719189940767]
- - [-5.613396032400095]
  - [18.41033833064683]
  - [435.5953411987998]
- - [-5.262962554437137]
  - [16.8319368054941]
  - [407.1470616105142]
- - [-4.666410089241626]
  - [14.27525409595965]
  - [358.8795066334308]
- - [-5.329054080483533]
  - [11.030008755091544]
  - [254.7679143686469]
- - [-3.989505580946455]
  - [8.992483518498968]
  - [193.02543769357587]
- - [-3.921694347758528]
  - [25.1857948134719]
  - [372.62017223865246]
- - [-3.2422269883554113]
  - [16.4061195798142]
  - [283.0231537363458]
- - [-1.4598505269161113]
  - [0.5179094468885113]
  - [70.04866206896168]
- - [-2.0376988643691085]
  - [1.768888051096274]
  - [91.92251185090264]
- - [-3.5173720620889193]
  - [15.704558632704405]
  - [333.3098864131887]
- - [-1.5795990281188237]
  - [6.135445333007118]
  - [128.02186046109452]
- - [-4.982387579694948]
  - [18.519770167626646]
  - [264.29410344891164]
- - [-3.214715853227776]
  - [13.268842979946099]
  - [177.6634336447316]
- - [-0.9272500858856917]
  - [6.791335227770665]
  - [80.57504554203729]
- - [-0.9256736584257215]
  - [6.760636719962184]
  - [80.93632928268133]
- - [-0.948522139304305]
  - [6.909596880215529]
  - [84.09473996484493]
- - [-2.1818959498207695]
  - [10.184877561777068]
  - [128.48928336420872]
- - [-2.113394021742213]
  - [1.6553413171746265]
  - [93.45578763135306]
- - [-1.6647416711740692]
  - [9.07640104355319]
  - [106.1859959200503]
- - [-1.2334772798251603]
  - [9.504264406573743]
  - [124.05117072884468]
- - [-3.1209576247521365]
  - [22.343773937461993]
  - [300.9464822107826]
- - [-3.878992910997084]
  - [-6.398171712905216]
  - [197.98198221236174]
- - [-4.04193173904156]
  - [-6.9950331007066735]
  - [205.4360740394715]
- - [-6.335150839030314]
  - [-0.3353810469208893]
  - [201.83317539154834]
- - [-6.460686293445684]
  - [-0.7222226489932329]
  - [205.04235316766741]
- - [-6.606284980327834]
  - [-1.0850577319655017]
  - [209.17005764530842]
- - [-4.494764377040146]
  - [-8.227269720455272]
  - [227.76545138090887]
- - [-4.5778535621529075]
  - [-7.745534506248696]
  - [230.8414167233046]
- - [-1.221416129108494]
  - [2.066673699693377]
  - [84.28178315035535]
- - [-4.852676845220966]
  - [27.457855408466035]
  - [380.97880238978115]
- - [-2.9547606630775607]
  - [3.121163180761]
  - [174.72502212218652]
- - [-0.8081199699726597]
  - [-0.8193237728101531]
  - [58.311249452856494]
- - [-3.979369159419332]
  - [12.583806518553612]
  - [235.1223402976657]
- - [-2.171403815803764]
  - [9.17422841938335]
  - [284.77530952592224]
- - [-1.839520742095519]
  - [4.106583535307532]
  - [84.28283605649611]
