camera_matrix:
- [10244.4521484375, 0.0, 501.55166438227025]
- [0.0, 3753.22998046875, 304.729989893076]
- [0.0, 0.0, 1.0]
dist_coeff:
- [161.95976208449733, -106289.59057634578, -0.29782485152851945, 0.7361100138159253,
  -3537.693366386219]
