camera_matrix:
- [744.0854372529861, 0.0, 312.4280725991617]
- [0.0, 743.9783963661406, 248.8032404707149]
- [0.0, 0.0, 1.0]
dist_coeff:
- [-0.1875212732719752, 5.542372779533037, 0.008276622291703816, -0.0005988551629056603,
  -45.963317727285485]
rvecs:
- - [-0.2550399040523577]
  - [0.014637903668920496]
  - [-1.1617755020754528]
- - [-0.14811005513576164]
  - [0.193495005892891]
  - [-2.2353648213820367]
- - [0.15471257838766092]
  - [0.08068174716280654]
  - [-0.03817885965546653]
- - [-0.06379445923861934]
  - [-0.021874629980147817]
  - [-2.2291530714588927]
tvecs:
- - [-4.910073009017743]
  - [1.992932964362727]
  - [22.312361225575867]
- - [-0.07552291701736477]
  - [4.506513408480118]
  - [22.56505570274964]
- - [-3.2609663985497352]
  - [-2.7593029054690743]
  - [17.659683230736437]
- - [0.016541289819812913]
  - [3.746414687917975]
  - [19.357277188456273]
