camera_matrix:
- [1680.2584228515625, 0.0, 335.5781997116974]
- [0.0, 2600.470947265625, 138.95035652032766]
- [0.0, 0.0, 1.0]
dist_coeff:
- [-75.9557529484399, 1146.0251111705809, 1.6014968844573263, -2.91107330278368, 1512.4163105494154]
rvecs:
- - [0.9293853972369047]
  - [-1.4283374418274868]
  - [1.3275437738162195]
- - [0.9378565289766094]
  - [-1.4289567284732614]
  - [1.324002651049159]
- - [0.9615064502783053]
  - [-1.4186278657240106]
  - [1.3418428509597433]
- - [0.9683932436650428]
  - [-1.4163006264145503]
  - [1.3456459917696397]
- - [1.3426377433896186]
  - [0.9447093441541038]
  - [-1.0824172203769915]
- - [1.0226763746717118]
  - [-1.3871242596103859]
  - [1.4004985637906855]
- - [0.911347066515056]
  - [-1.4261061532015227]
  - [1.3198878800045655]
- - [1.387430320865925]
  - [0.9174228409895628]
  - [-1.122588933669539]
- - [1.369688709036266]
  - [0.9377512186025788]
  - [-1.107717682433824]
- - [1.3556642080202996]
  - [0.9537997281498212]
  - [-1.0965810431547798]
- - [1.33276071953672]
  - [0.9758232996967311]
  - [-1.0748727169203351]
- - [1.315400111403504]
  - [0.99055810640656]
  - [-1.0584667484581716]
- - [1.0450456618477153]
  - [-1.3843955069616085]
  - [1.3790699017036565]
- - [1.046943911535313]
  - [-1.3837290140635659]
  - [1.3798373262797303]
- - [1.0488763382156288]
  - [-1.3822765453217931]
  - [1.380244000017205]
- - [1.3062709340015424]
  - [0.9994428038195786]
  - [-1.0496044302900491]
- - [1.2957218491276783]
  - [1.0069802197475648]
  - [-1.03832311250269]
- - [1.0701863690785944]
  - [-1.3702468095245193]
  - [1.40052428971103]
- - [1.0822526659597893]
  - [-1.3632905316803106]
  - [1.4157829327798077]
- - [1.2571138531230697]
  - [1.0308812906712808]
  - [-0.9943116332134353]
- - [-2.87222457476743]
  - [-2.44671419661765]
  - [2.2582064922450336]
- - [-2.0143271902902113]
  - [2.246933878829382]
  - [-2.579237471154198]
- - [1.1659168038208694]
  - [-1.3158767531258087]
  - [1.4980803722114548]
- - [1.1434845577058124]
  - [-1.3294846718965039]
  - [1.4796305533625294]
- - [1.2591311564218817]
  - [1.026613001322189]
  - [-0.9947940057493592]
- - [1.2996053123667088]
  - [0.9950729664136604]
  - [-1.0381516207723236]
- - [1.028242746379675]
  - [-1.391868433053654]
  - [1.3737959993373006]
- - [1.0411427280206396]
  - [-1.3838249132881937]
  - [1.384431970279572]
- - [1.2823814335304518]
  - [1.0135277467013386]
  - [-1.0255032128244705]
- - [1.2756355057378042]
  - [1.0240541843216682]
  - [-1.0232308182267809]
- - [1.2781051083648898]
  - [1.023801880240726]
  - [-1.0272413074306803]
- - [1.0557413929706017]
  - [-1.381569818212254]
  - [1.3976859004383617]
- - [-1.217837514216314]
  - [1.330283682649552]
  - [1.268507830125485]
- - [1.0704570446723087]
  - [-1.3847886322628342]
  - [1.4305629097335968]
- - [1.0767154504202994]
  - [-1.3818246108117307]
  - [1.4362221813706915]
- - [1.0768617856038383]
  - [-1.3816083790944598]
  - [1.436210746276942]
- - [1.0741955643614833]
  - [-1.3823585761206112]
  - [1.4354970717875017]
- - [1.0782070953733374]
  - [-1.379876405383737]
  - [1.4401839540332801]
- - [-1.2234277385297836]
  - [1.3365662785134238]
  - [1.2704688165512938]
- - [-1.209748006236703]
  - [1.3453583353326677]
  - [1.262956114434948]
- - [-1.1939525062068184]
  - [1.3446119284457259]
  - [1.2426482024459202]
- - [-1.270668165619147]
  - [-1.1985036017488766]
  - [-1.0745712194709516]
- - [1.1040638912049625]
  - [-1.3577565930707707]
  - [1.4350612756917103]
- - [1.0859781732319695]
  - [-1.3643989655034954]
  - [1.4076064865968738]
- - [1.2001239172878615]
  - [1.0940281922333992]
  - [-0.9529540250231517]
- - [-1.2145018120334812]
  - [1.3700549729996185]
  - [1.3194057653853037]
- - [1.2737189378953326]
  - [1.0311341283244728]
  - [-1.0129892716399362]
- - [-1.3489067941130997]
  - [-1.1383254193819714]
  - [-1.0748096780279761]
- - [-1.374045625334697]
  - [-1.1194077427315983]
  - [-1.1086981330502448]
- - [-1.3737713849851183]
  - [-1.1195151871916693]
  - [-1.108497513410998]
- - [1.2772323564824284]
  - [1.0306877142191957]
  - [-1.0195040721640467]
- - [1.2628934755432473]
  - [1.0385326726379396]
  - [-1.0043629409571218]
- - [1.0982368228709394]
  - [-1.359853746372161]
  - [1.4080652299824667]
tvecs:
- - [-1.767818826225077]
  - [3.320673038663586]
  - [52.27564426521897]
- - [-1.9087250958503572]
  - [3.1739965888278316]
  - [54.84292689712517]
- - [-1.881896830120473]
  - [3.061288268535192]
  - [55.069460279513834]
- - [-1.9338836292000134]
  - [3.0286136406526074]
  - [55.80413206945385]
- - [-6.8167343077669855]
  - [4.145086908283342]
  - [60.66656504919585]
- - [-1.7979020819958516]
  - [3.1142554943008136]
  - [53.987304680721444]
- - [-2.394511092475987]
  - [3.9818720179484632]
  - [55.75738897894817]
- - [-7.176656050672486]
  - [3.9737035580797597]
  - [65.05190252079498]
- - [-6.850805476766208]
  - [3.77941209481809]
  - [65.535067649423]
- - [-6.6008228947624]
  - [3.6257717401286578]
  - [65.94639597912834]
- - [-6.448487343497734]
  - [3.4394222095689337]
  - [66.13302472550079]
- - [-6.424722511610811]
  - [3.335252286553954]
  - [66.03306741034363]
- - [-1.5314368458915886]
  - [2.565570442579027]
  - [62.721905658549765]
- - [-1.523034288206076]
  - [2.5708367104697656]
  - [62.98982912424021]
- - [-1.4696561632162228]
  - [2.5707920863823652]
  - [63.10597249546958]
- - [-6.349090643555825]
  - [3.2924530729736086]
  - [66.93480628445151]
- - [-6.346323749731449]
  - [3.2124731636921617]
  - [65.73381943648921]
- - [-1.347952278728268]
  - [2.5530012101531407]
  - [60.834484568553776]
- - [-1.3205116365308531]
  - [2.5467561295572065]
  - [58.20062829778601]
- - [-6.316274995772449]
  - [2.9181181429850107]
  - [59.404390457008056]
- - [-6.266486775309308]
  - [2.7606526852229645]
  - [58.272668689116685]
- - [-1.140630718247265]
  - [2.629689862784918]
  - [53.343376932863904]
- - [-1.1550610683124019]
  - [2.564151771649892]
  - [52.926238783465706]
- - [-1.161499709164888]
  - [2.53482296051]
  - [53.1955688515556]
- - [-6.271323857742196]
  - [2.923371664420603]
  - [58.711996975050305]
- - [-6.16534628489859]
  - [3.220652568819803]
  - [59.402964996195756]
- - [-1.0968826081794383]
  - [2.519790723257586]
  - [55.58414853670793]
- - [-1.0931126164230016]
  - [2.6240873327139145]
  - [55.938765687333344]
- - [-5.888073320863135]
  - [3.22017101366684]
  - [60.27162526672967]
- - [-5.862414245102859]
  - [3.232938612573042]
  - [64.6702112444126]
- - [-5.868593989179157]
  - [3.2630712982151833]
  - [66.58036687349676]
- - [-0.8810566601095865]
  - [2.2279545690279043]
  - [50.54808576865474]
- - [-1.2842394390043401]
  - [1.7575434343364045]
  - [44.358101910129534]
- - [-0.7129927199584033]
  - [1.7379590300773555]
  - [39.583522316910475]
- - [-0.7547184816615846]
  - [1.718607511861092]
  - [39.49275132026493]
- - [-0.7849186532787988]
  - [1.7149615406362546]
  - [39.62554620498795]
- - [-0.7839632896765913]
  - [1.750986532345888]
  - [39.54513559070584]
- - [-0.685728275780159]
  - [1.8242349150771362]
  - [39.44986502289313]
- - [-1.1692883193884338]
  - [1.9620559555271269]
  - [43.582015457339146]
- - [-1.0749473247630594]
  - [1.9904466501903904]
  - [44.013165650557276]
- - [-1.3116727618344057]
  - [1.9623147321503698]
  - [45.22432515105159]
- - [-5.820244722898823]
  - [1.0491167325165713]
  - [39.05287286706877]
- - [-0.19291647003320325]
  - [2.640664661331741]
  - [54.68847719809898]
- - [0.5960728525219325]
  - [2.7244530048387956]
  - [53.65603735035279]
- - [-3.507331952903062]
  - [2.5705663980143596]
  - [49.785603587178336]
- - [0.7922707279929643]
  - [2.9365493743202835]
  - [52.98947324357848]
- - [-4.322700601452959]
  - [2.756068968932234]
  - [51.70464513718681]
- - [-4.347135502713608]
  - [2.710400355491878]
  - [50.24993126797756]
- - [-4.54077654708966]
  - [2.9275332776257645]
  - [52.35167276514113]
- - [-4.543841412756053]
  - [2.927721767662539]
  - [52.43982595487019]
- - [-4.606429903732347]
