camera_matrix:
- [418.1625671386719, 0.0, 315.8017164153862]
- [0.0, 1378.06689453125, 238.82706030329427]
- [0.0, 0.0, 1.0]
dist_coeff:
- [-0.05680853310502635, 0.0008765658471815053, -0.0001721460823772855, -0.0038056934567132737,
  -3.5031088592824436e-06]
rvecs:
- - [-1.1945119423979222]
  - [1.178130219342825]
  - [1.0483864161931729]
- - [0.870930294552033]
  - [-1.6017175192417046]
  - [1.4942218091104]
- - [-1.1539101888357493]
  - [1.1686922716755854]
  - [1.0967134059442627]
- - [-1.1381790545566188]
  - [1.2006019197610809]
  - [1.1295927665360377]
- - [-1.131424150668297]
  - [1.2227199707883685]
  - [1.1569948820954177]
- - [-1.1271596033975897]
  - [1.2232976864410807]
  - [1.1548789559590404]
- - [-1.1234983843813073]
  - [1.227644638705079]
  - [1.1541011841678992]
- - [-1.1220806293588395]
  - [1.2272696906347318]
  - [1.1538519863841812]
- - [-1.1223307348723948]
  - [1.227685801838407]
  - [1.1562812262047546]
- - [-1.1207378566335486]
  - [1.2283183697615883]
  - [1.1564470214437061]
- - [-1.1235589470885305]
  - [1.2275824044982786]
  - [1.1566533276637425]
- - [-1.1278629424530613]
  - [1.2257561258442984]
  - [1.1558445885791242]
- - [-1.128987610511834]
  - [1.2261593679114822]
  - [1.1564785361381005]
- - [-1.1296519096252418]
  - [1.2259290267094616]
  - [1.1569645614912916]
- - [-1.1304830118958225]
  - [1.2255311724715618]
  - [1.1567983076029937]
- - [-1.1309647016475879]
  - [1.2259638190802058]
  - [1.1583428362223795]
- - [-1.1376538343874705]
  - [1.2223580521599675]
  - [1.160757755560655]
- - [0.9681523025827832]
  - [-1.5395291216681057]
  - [1.4180200017413265]
- - [0.9700133586211349]
  - [-1.5343235492639244]
  - [1.435798316179311]
- - [0.9361004330504068]
  - [1.2363639883307656]
  - [-0.5534231868172544]
- - [-1.0260354344350051]
  - [1.2800306125570444]
  - [1.0828171136425022]
- - [-1.340223336165559]
  - [-1.092910224924638]
  - [-1.3382751825679364]
- - [-1.1068715670949267]
  - [1.2239666269374525]
  - [1.1223666386087323]
- - [-1.407927411965127]
  - [-0.7430363452588525]
  - [-0.7705889858477482]
- - [0.8883432322157705]
  - [1.6863621574364522]
  - [-1.5966708069567446]
- - [-1.5006349015678169]
  - [0.418254054385099]
  - [0.4277370191035711]
- - [-1.1957037810424485]
  - [1.173002380666622]
  - [1.1273641807065273]
- - [-1.1866532609175195]
  - [1.1729260669697963]
  - [1.124546660498896]
- - [-1.1726494975571566]
  - [1.155242019769761]
  - [1.103365460970349]
- - [-1.1879035797235713]
  - [-1.193087168494664]
  - [-1.3374545948598198]
- - [-1.1880909120608985]
  - [-1.193484603443162]
  - [-1.336133130758142]
- - [-1.1882794591829862]
  - [-1.1932435023953791]
  - [-1.3395133689084535]
- - [0.4330720099574529]
  - [1.3760543130962684]
  - [-0.09599699681565631]
- - [0.49202182241717085]
  - [1.3522728570789497]
  - [-0.14990276731931118]
- - [0.48446534379547634]
  - [1.3532006541822008]
  - [-0.14542673813446]
- - [0.4387799023740085]
  - [1.3706946914029325]
  - [-0.10663003092217976]
- - [0.42664327172000943]
  - [1.388171269116707]
  - [-0.09422703956092816]
- - [-2.0066389635146855]
  - [0.78227126591765]
  - [1.7913443858540155]
- - [-0.5914906460542204]
  - [-1.6220654928458473]
  - [-0.39014025394173996]
- - [-0.5545142931848218]
  - [-1.636467159240023]
  - [-0.3570469799649622]
- - [-0.5513121964269452]
  - [-1.6389628186412515]
  - [-0.35362590915015757]
- - [0.8738056533823158]
  - [-1.5873752468414568]
  - [1.495663245446553]
- - [0.8486478794801512]
  - [-1.6061330007879246]
  - [1.4996476655805986]
- - [0.837162500681505]
  - [-1.6090518926092947]
  - [1.487407827216543]
- - [0.848801826980391]
  - [-1.6022863935120222]
  - [1.4885614115705088]
- - [0.8609768688014252]
  - [-1.591114900840682]
  - [1.481164965029245]
- - [-1.2532204351195988]
  - [-1.2831105984198077]
  - [-1.2888727000105666]
tvecs:
- - [-3.807482912464852]
  - [0.2719074586318308]
  - [20.68461612856841]
- - [-2.2898464763528215]
  - [0.01595271385226108]
  - [15.774507446672366]
- - [-2.808009699633928]
  - [-0.6207223881811367]
  - [19.619892194843196]
- - [-1.7847373630202343]
  - [-0.6160793034354906]
  - [19.182889535764264]
- - [-1.0803327330200576]
  - [-0.5654125142992101]
  - [18.730352292122173]
- - [-1.0832702667258398]
  - [-0.5914116013711962]
  - [18.68691145290105]
- - [-1.0715473513080322]
  - [-0.5925288743926176]
  - [18.829800877475467]
- - [-1.0718760724719891]
  - [-0.6112606578056426]
  - [18.82988011225247]
- - [-1.0211776649372382]
  - [-0.6118495797168974]
  - [18.770724364957466]
- - [-0.9933150450159313]
  - [-0.6196283821508686]
  - [18.73990038831734]
- - [-0.991465426755833]
  - [-0.5899066139927531]
  - [18.66717259705516]
- - [-1.0536543538839065]
  - [-0.5652767128807732]
  - [18.722602007559477]
- - [-1.0501508845347323]
  - [-0.5523274895098934]
  - [18.73389132752046]
- - [-1.0338882573926138]
  - [-0.5476348060020452]
  - [18.711045127282127]
- - [-1.047579804551614]
  - [-0.546316153731663]
  - [18.7523434373099]
- - [-1.0314552375161083]
  - [-0.5431626135447731]
  - [18.752349262569386]
- - [-1.0694744806090388]
  - [-0.5138563524800125]
  - [18.66727364347658]
- - [-0.2795454842339284]
  - [-0.39047180563207273]
  - [14.121594166435846]
- - [-0.3074269064492919]
  - [-0.2918680610442837]
  - [13.936315591659373]
- - [-6.78546249293788]
  - [-2.103585872893726]
  - [28.85628018364259]
- - [-2.050986021519965]
  - [-0.8475303552771803]
  - [25.004688663115182]
- - [-5.7284001616854665]
  - [0.473666245012145]
  - [20.216106631732583]
- - [-1.6291041576693421]
  - [-0.6766181949806398]
  - [19.786992611161928]
- - [-2.2167893831501266]
  - [-0.00225115375784936]
  - [0.29723770637511765]
- - [0.04088344103731533]
  - [-0.1931860985355604]
  - [3.599861118978252]
- - [-0.77151872143718]
  - [-0.10188347610051769]
  - [3.1993264705052797]
- - [-2.026517939102731]
  - [-0.2487005094720037]
  - [17.498051090675883]
- - [-2.0108303485485424]
  - [-0.3203622113065368]
  - [17.56972805239898]
- - [-2.1895784880433284]
  - [-0.5054080393087383]
  - [17.419722742214066]
- - [-5.35598173436474]
  - [-0.31006674350351354]
  - [11.805215228337044]
- - [-5.3200328038286555]
  - [-0.30824234669187434]
  - [11.810510873055694]
- - [-5.37580183075392]
  - [-0.30897938548571696]
  - [11.882349624631967]
- - [-9.446763094362595]
  - [-3.3199871515555714]
  - [41.767569988540956]
- - [-9.308103649726954]
  - [-3.1349599417386496]
  - [40.05363427082833]
- - [-9.189902478828117]
  - [-3.0938164108449984]
  - [40.22360532846859]
- - [-9.005817941953614]
  - [-3.1749934471859325]
  - [41.319569323458154]
- - [-8.77281859288287]
  - [-3.307252099260578]
  - [41.714363719067194]
- - [-1.2969749092959546]
  - [2.959941487664576]
  - [26.40886347708471]
- - [-3.6567207332316314]
  - [-1.6986867606271734]
  - [22.20659668310004]
- - [-3.7084628960379393]
  - [-1.7546254222432776]
  - [22.906027846320217]
- - [-3.7392134325141697]
  - [-1.7524468054102944]
  - [22.946374078102334]
- - [0.48459832015308274]
  - [-0.014785936415955447]
  - [7.951888663769784]
- - [0.08626644629768869]
  - [-0.006908572969895971]
  - [8.3542795847671]
- - [0.10462513670031616]
  - [-0.019521156471716938]
  - [8.355555830053694]
- - [0.1756566689723616]
  - [-0.020813018892374528]
  - [8.30221229518656]
- - [0.2897329051292976]
  - [-0.023307924628709082]
  - [8.25654708493688]
- - [-4.336396600660384]
  - [0.5405685900920261]
  - [7.1041723838632]
