camera_matrix:
- [1368.4246826171875, 0.0, 262.4642392081387]
- [0.0, 1113.429443359375, 350.6272394616608]
- [0.0, 0.0, 1.0]
dist_coeff:
- [149.21075778767667, -345.6869510528081, -0.6517039333577895, 1.9122624885423964,
  -404879.22131662385]
rvecs:
- - [0.9349466378072824]
  - [-1.5279411274015449]
  - [1.1202258734303763]
- - [0.9246976581019875]
  - [-1.532396659346874]
  - [1.121381046056292]
- - [-1.1027613787729313]
  - [1.3240894227228035]
  - [1.4082266017191682]
tvecs:
- - [-1.518180759433144]
  - [-4.840637080760725]
  - [72.98740686796944]
- - [-1.8418155222542119]
  - [-4.729495018940591]
  - [73.96157652903521]
- - [13.256442057562762]
  - [-9.817181686778083]
  - [164.28703948277604]
