camera_matrix:
- [24.267501831054688, 0.0, 17.303871494073064]
- [0.0, 107.7413330078125, 34.63312023404069]
- [0.0, 0.0, 1.0]
dist_coeff:
- [0.179268202305575, -0.6946292070995731, -0.020705404780835945, -0.07798439672574503,
  -1.1725006886039382]
